 -0.03999981 -0.95188915 -0.04193343
  0.75370776  0.35672299  0.02400178
  0.63861482 -0.60815261 -0.00913468
 -0.08597725 -0.10205975  0.28399653
 -0.54225774 -0.77828654  0.00229326
  0.16907425  0.15759771  0.03625560
  0.48575935  0.54548271  0.11946067
  0.05521580 -0.28386008 -0.02984303
 -0.32031184  0.80369519  0.09576016
  0.34814333 -0.34849695 -0.03585883
  0.71883113  0.40702857  0.02651887
  0.83887130  0.21563462  0.01825346
 -0.36509829  0.01708216 -0.23055875
  0.72532081 -0.98436598 -0.00022740
  0.17480460  0.69758486  0.38237874
 -0.69854103 -0.32912774 -0.01360527
 -0.58415942  0.01272541 -0.21598957
  0.61591966 -0.95457548 -0.00146527
  0.93011798 -0.30692809  0.00404638
  0.17382083 -0.41215487 -0.42238125
 -0.74420180 -0.99655522  0.00018431
 -0.63668318 -0.45822890  0.01005391
 -0.75227654  0.47638667 -0.00488252
  0.61824976  0.06786029  0.18650639
  0.80217101 -0.81344170 -0.00035097
 -0.81376034  0.19520057 -0.02784468
  0.55073692  0.71110191  0.03330534
  0.64580054 -0.41069048  0.02662946
  0.37136183 -0.74935588 -0.10358972
  0.30464806 -0.45435102 -0.27836179
  0.91341858 -0.16942100  0.00885555
  0.16538097  0.40313840  0.47230381
 -0.42458579 -0.73163250 -0.01102721
  0.72334882 -0.38517337  0.02193054
  0.68086386  0.08541092  0.11820045
 -0.68119567 -0.20819951 -0.05598969
 -0.85601675 -0.71630966  0.00052647
  0.25002048 -0.90203920 -0.05389748
 -0.79050640 -0.59639767  0.00181141
  0.11061496  0.09677031 -0.00535937
 -0.17233768 -0.23447600  0.37125728
 -0.39082097  0.94119782  0.01551871
  0.66535978  0.53345829  0.02593795
 -0.65327940 -0.96626344  0.00051099
 -0.65308757 -0.12520722 -0.10662663
 -0.73524677  0.59081977  0.00207412
  0.44976773 -0.82251901 -0.03210654
 -0.85486270 -0.95980988  0.00007962
 -0.07620152 -0.74807219 -0.25950905
  0.50046416  0.28849313  0.17736646
  0.61828899 -0.00976130  0.19519413
  0.96426967 -0.21456867  0.00382666
 -0.00235372 -0.26017686  0.12641197
 -0.49199877 -0.37947145  0.04729075
  0.61599584 -0.34912091  0.05845276
 -0.01667587  0.93248703  0.06823833
 -0.98475331 -0.48572724 -0.00008648
  0.81218776 -0.13434388  0.03249448
  0.05792894 -0.51924850 -0.64387175
  0.07088610 -0.13854444  0.08344167
  0.33011083  0.28576609  0.22202434
  0.14086134  0.42089791  0.54319545
 -0.64881505 -0.90326690  0.00091707
  0.98686499  0.74499156  0.00008574
  0.49945300  0.63163375  0.08032025
  0.68608770  0.77082323  0.00512298
  0.36884766 -0.19187369  0.22643217
  0.92113806  0.59417337  0.00077571
  0.36199893  0.85375466  0.04844302
 -0.14354240 -0.01320188  0.18393259
 -0.09542430 -0.97758316 -0.02584933
  0.88395473  0.56542852  0.00159857
  0.92309855  0.03380314  0.00969267
  0.71361021  0.28661696  0.04821570
 -0.68113115  0.12691453 -0.11125033
  0.89102699  0.97051455  0.00003739
 -0.18306485  0.89991534  0.07243309
  0.19235330 -0.31412281 -0.15935147
  0.94627941 -0.09618582  0.00668460
 -0.42590937 -0.21321060 -0.00488224
  0.96726779 -0.75676937  0.00000122
 -0.20481306  0.43672527  0.45952649
  0.43923257  0.36563866  0.19108088
  0.03617055 -0.84401862 -0.14650244
  0.14342570 -0.23923848 -0.02557572
  0.57665833  0.46957374  0.07156216
 -0.91388995  0.14408781 -0.01008208
 -0.35205511 -0.16267938  0.03677805
 -0.61593922 -0.59938693  0.00960246
 -0.03492032 -0.52121123 -0.53783801
 -0.65972677  0.86747763  0.00253670
  0.36192968  0.51697968  0.27852689
 -0.04800436  0.88743547  0.10941852
  0.34606049 -0.04738569  0.30349534
 -0.64367666  0.33436502 -0.05492583
 -0.16522596 -0.73934073 -0.18784477
  0.36533048  0.12031273  0.29117103
  0.79327663 -0.47352280  0.00498952
  0.16327359  0.14609792  0.02796843
 -0.86595919  0.35207670 -0.00681386
 -0.98517559  0.15346083 -0.00377901
  0.52545780 -0.29675417  0.12296169
  0.65280935  0.60570616  0.02140813
 -0.79059850 -0.87187296  0.00037737
 -0.58521777 -0.47356193  0.01891907
 -0.02328507  0.53525892  0.80659934
  0.97965879 -0.29425892  0.00217070
 -0.23590014  0.94238402  0.03692994
 -0.07279585 -0.00593012  0.17542136
 -0.67319009 -0.88229957  0.00094976
 -0.01565073 -0.67031074 -0.45717993
  0.58160211 -0.49742784 -0.00630378
 -0.62939363 -0.38592758  0.00263982
  0.75069666 -0.81421567 -0.00085325
  0.27339803 -0.68107656 -0.27478260
 -0.82499547  0.52371969 -0.00125287
  0.06754009  0.41624564  0.60580375
 -0.75827366 -0.24187758 -0.02548127
  0.17211967  0.24257313  0.10831647
 -0.47634423  0.50578151  0.06785352
  0.95300113 -0.28631389  0.00329670
  0.74235621 -0.83688164 -0.00082105
  0.75795111  0.51231108  0.01064612
 -0.19002914  0.22873474  0.05030990
  0.35035046  0.71507869  0.15415178
  0.48556195  0.70379443  0.06212708
 -0.02093878 -0.81495200 -0.17876995
 -0.15098150 -0.49975654 -0.25253758
  0.21620010  0.71725132  0.29633013
  0.41175309  0.30243239  0.21502870
  0.57048300 -0.16878928  0.19814029
 -0.77513202  0.60433741  0.00104327
 -0.31150824  0.40582887  0.18990131
  0.29893771 -0.99866208 -0.01359526
 -0.47636674 -0.53371592  0.02640188
  0.65603570  0.02463106  0.15130314
 -0.24619378  0.29046485  0.06832522
 -0.67059559  0.15682540 -0.11217061
  0.14243665 -0.12385504  0.04090338
 -0.46585696  0.38343745 -0.02164768
  0.95042935  0.81103240  0.00008535
  0.34646545  0.17339814  0.24647127
 -0.15953052  0.07534876  0.08182192
 -0.24651371 -0.76315405 -0.09395972
  0.93958916  0.51364920  0.00100677
  0.12459442  0.83879524  0.15597321
 -0.69168061 -0.31668768 -0.01692232
 -0.04120824 -0.45623976 -0.39998125
  0.74602608 -0.14257849  0.06198680
  0.50168718  0.77918733  0.03205518
 -0.53195270  0.60605025  0.04551793
  0.92279707 -0.67386106  0.00005182
  0.29766288  0.23265429  0.19301505
 -0.56319909  0.97375265  0.00235446
  0.38292600  0.26779819  0.22705371
 -0.14726361  0.68083926  0.45076546
  0.91406636  0.91283733  0.00005225
 -0.01407784  0.55301382  0.80007299
 -0.29736304  0.78452347  0.12696982
  0.26861289  0.16814875  0.15951704
  0.46732297 -0.30108732  0.12277446
  0.68108192 -0.86442406 -0.00161857
 -0.71342503 -0.20596340 -0.04621887
 -0.86424212  0.53873629 -0.00070820
 -0.19389482 -0.01438292  0.12898437
 -0.13385632  0.36099028  0.39580608
 -0.70068224  0.23436228 -0.06804528
  0.29372331  0.85393104  0.07199685
 -0.86822919  0.89636026  0.00009925
 -0.90314866 -0.65909369  0.00034953
  0.06296799 -0.71729738 -0.38389797
 -0.48879042  0.78194112  0.03224689
  0.43964633 -0.20263902  0.24081055
 -0.91898637  0.94935383  0.00002460
  0.36905394 -0.11099882  0.29759254
  0.62420190  0.82097429  0.00673928
 -0.59286829  0.16771236 -0.17584139
  0.91481607 -0.45060829  0.00177670
 -0.29030659  0.87926403  0.05663726
  0.11548869  0.26119491  0.13026761
  0.64664441  0.78976430  0.00690592
 -0.20266772 -0.08511880  0.21358515
 -0.04303332 -0.19972060  0.27262529
  0.68803555 -0.31838010  0.04778775
 -0.10936514  0.01277890  0.16763457
 -0.30544064  0.96584270  0.01985560
  0.35574058 -0.62120328 -0.21311403
 -0.50915541 -0.80582003  0.00073816
  0.28780635  0.94619708  0.02776407
  0.34999067  0.09357745  0.29091651
  0.18320656  0.40515062  0.45672358
 -0.76785468 -0.80607718  0.00080305
  0.24971652  0.77154972  0.17933308
 -0.72595036  0.30959376 -0.03671261
  0.62467712  0.10001545  0.17056991
 -0.17262265 -0.44384226 -0.07911560
  0.34740915  0.21480221  0.23021811
  0.25680956 -0.70258532 -0.26582628
 -0.89000880 -0.74659749  0.00028510
 -0.19721268  0.04663497  0.05707378
 -0.60269111 -0.06819796 -0.17128961
  0.51681380 -0.17720253  0.23643218
  0.66769947 -0.08809583  0.13197816
  0.82542720 -0.80530547 -0.00023738
  0.83850050  0.24124192  0.01657892
 -0.34406451 -0.54203709 -0.01417141
 -0.03414411 -0.81099239 -0.18036219
  0.84206700 -0.19863732  0.01944272
 -0.11220698 -0.86586617 -0.08666314
  0.07149055  0.10808514 -0.00156926
 -0.47862653  0.81907331  0.02632429
 -0.97585337  0.45061397 -0.00073656
  0.71304791  0.04610149  0.09565426
  0.18529199 -0.00826615  0.05828093
 -0.87815160  0.27909989 -0.00934069
 -0.35887259  0.98624799  0.01117055
 -0.52513807  0.29557886 -0.12217416
 -0.63549777 -0.37246128 -0.00101122
  0.08940412 -0.36028519 -0.29029185
 -0.79388686  0.52150313 -0.00149986
  0.71691497 -0.47945293  0.00737215
  0.42595444 -0.08488443  0.33747911
  0.03151738 -0.34643669 -0.17417804
 -0.20542230  0.03335672  0.05631960
  0.07198396  0.94607189  0.05577401
  0.98297140  0.60811456  0.00027149
 -0.52961509  0.88927576  0.00852006
 -0.92678295 -0.15092761 -0.00724441
 -0.21056868  0.18698770 -0.00875960
  0.88289029  0.10037207  0.01494040
 -0.47952771  0.30769024 -0.11488822
  0.08555824  0.52195816  0.75594640
  0.36182228  0.02786555  0.32436368
 -0.14305000  0.68977840  0.43575738
  0.48379464  0.05051939  0.33090630
 -0.74772524 -0.78257812  0.00115452
 -0.14125623 -0.08442351  0.27450337
  0.68144821  0.80467475  0.00406330
  0.28080378  0.55666934  0.40572268
 -0.60975049  0.36733346 -0.04713887
  0.42284542  0.51469303  0.19477505
  0.58589644  0.34500536  0.09785352
 -0.76065718  0.42527405 -0.00981845
 -0.25095459 -0.53870171 -0.11512231
  0.55073149 -0.11449421  0.24742466
  0.43750006  0.94390547  0.01082445
  0.70543210 -0.38938655  0.02406957
  0.88783468  0.88232315  0.00011151
 -0.08174395  0.56551510  0.74526833
 -0.12914600  0.08599433  0.09716718
  0.31762491  0.07749766  0.25740170
 -0.92182850 -0.50655289  0.00004237
  0.28317806 -0.64913622 -0.30060902
  0.71169925 -0.13580680  0.08533140
  0.90247913  0.22645184  0.00806929
  0.25629457  0.72068444  0.24559482
  0.83484909  0.10385336  0.02627992
  0.63933798 -0.08602098  0.16129476
  0.93993513 -0.98827911 -0.00000374
 -0.81332070  0.78791775  0.00056556
  0.73144733 -0.18973662  0.06190330
 -0.35228736 -0.53385223 -0.00294998
 -0.52289502  0.91311447  0.00707421
  0.23948559 -0.88565677 -0.06687238
  0.40908981 -0.46918883 -0.11705710
 -0.72705042  0.29574591 -0.03972206
 -0.06733050 -0.51533079 -0.46675118
  0.89489878 -0.04947103  0.01394117
 -0.09930737  0.55887276  0.73008057
 -0.02472945 -0.75783785 -0.27578057
  0.61166300 -0.62284953 -0.01442827
 -0.12071290  0.01487719  0.16361930
  0.00156349  0.25034932  0.14234670
  0.85218777 -0.98285336 -0.00002657
  0.96617924 -0.60431287  0.00016052
 -0.28914641  0.97135231  0.02026101
 -0.03355296 -0.66407238 -0.45244960
  0.91722276  0.95340655  0.00003051
 -0.39103242  0.33269639 -0.04164659
 -0.68994814 -0.14209886 -0.07813246
  0.08965108 -0.55788744 -0.64960779
  0.89057894 -0.07083192  0.01442982
 -0.06449346 -0.84792080 -0.12083322
 -0.42196711  0.65807063  0.11471658
  0.20051196 -0.39470950 -0.35081312
 -0.72157836 -0.25627377 -0.02944983
 -0.23842500  0.91657875  0.04895372
  0.76389197 -0.59434521  0.00001509
 -0.82422724 -0.08381031 -0.02936817
 -0.75565724  0.61336197  0.00174347
 -0.71252232 -0.53761234  0.00477734
  0.41389701  0.55746635  0.19251077
  0.37636034 -0.76326435 -0.09089749
  0.33335784  0.03418970  0.29065588
 -0.89991388  0.81787959  0.00011134
  0.78374841 -0.76653349 -0.00063704
 -0.15067526  0.21131104  0.07397356
 -0.23938824 -0.49622610 -0.07761562
  0.54891612  0.93438180  0.00455251
  0.07432996  0.55356114  0.75992413
 -0.72742856 -0.37725049 -0.00481679
 -0.57589641  0.46254907 -0.00002594
  0.69911939 -0.00218535  0.10988765
  0.33889712 -0.13981644  0.24851544
 -0.54894218 -0.40331702  0.02509267
  0.98956215  0.63983186  0.00019290
 -0.37354904  0.87296807  0.03646858
  0.40429682  0.72406970  0.10233413
 -0.77873221 -0.53803394  0.00203015
 -0.04961062  0.83602929  0.17997410
  0.20172113 -0.49139659 -0.51586067
 -0.11357051 -0.67182524 -0.33841145
  0.17817734  0.04841624  0.04382330
  0.49215319 -0.71041022 -0.04728061
  0.59510551 -0.67251152 -0.01708492
 -0.56205557 -0.96153882  0.00071595
  0.50969320 -0.17062539  0.24653199
 -0.19727195  0.62251682  0.48663045
 -0.93018532  0.37352017 -0.00265919
 -0.49214932 -0.37984832  0.04725282
 -0.03207605  0.65540077  0.60988514
 -0.12944545 -0.36895653  0.07007154
  0.41003457  0.07669277  0.33806133
 -0.73725185  0.52238152 -0.00122219
 -0.17684538  0.51921214  0.60701230
 -0.67838753  0.32761568 -0.04646270
 -0.80282258  0.54330414 -0.00073302
 -0.95492742 -0.42464786 -0.00048442
  0.41177260  0.62438510  0.16073275
  0.44237644  0.64984052  0.11613410
  0.77786203 -0.31260866  0.02291443
 -0.05440175  0.34597679  0.40935716
 -0.77963056 -0.72549810  0.00122200
  0.67793968 -0.21210031  0.08871481
  0.66082473 -0.95692733 -0.00079909
  0.94914419 -0.78777734 -0.00000980
  0.43168702  0.91291481  0.01611390
  0.67200712 -0.20395293  0.09557514
  0.56325298 -0.05695209  0.25483806
 -0.34735689 -0.52323454  0.00215418
 -0.66341461 -0.71907775  0.00343388
  0.06489950 -0.98574910 -0.03061134
 -0.85646702  0.70405844  0.00036879
  0.20606062 -0.20844833  0.03212486
  0.45413228 -0.93579516 -0.00992528
  0.07679607  0.06540206  0.00260825
 -0.84998913  0.97006283  0.00006001
 -0.93666928  0.34400156 -0.00303231
 -0.18279359 -0.28897910  0.32002322
 -0.48592260 -0.41270741  0.05127806
 -0.45012446 -0.50454757  0.03697711
 -0.39237868  0.48797017  0.15335925
 -0.55235330  0.02103264 -0.24738130
  0.23030998 -0.47758408 -0.45109916
  0.82115608 -0.84686820 -0.00019420
 -0.01071026 -0.94190396 -0.04991776
  0.06777038 -0.26314893 -0.00377803
 -0.64417544 -0.51403647  0.01018889
  0.13851969 -0.86751439 -0.10833007
 -0.59643088  0.67808000  0.01885364
  0.44798209  0.52386670  0.16322787
 -0.35382578  0.43824055  0.16547173
 -0.57486739 -0.40976022  0.01801591
 -0.36774825 -0.61217875 -0.02948619
 -0.46027400 -0.87589889 -0.00118773
 -0.15877921  0.69549606  0.40496546
 -0.29765939  0.85074013  0.07193333
  0.33702820  0.13023497  0.25908135
 -0.65831467 -0.02007690 -0.13795993
  0.89054282  0.36120923  0.00492754
  0.73596372  0.94760837  0.00046274
 -0.13519913  0.57207088  0.66384324
  0.19578792  0.30891618  0.23040634
 -0.87739807 -0.28751122 -0.00576573
 -0.07748247 -0.32254616  0.12150269
 -0.92089034 -0.19845502 -0.00630400
  0.68898608 -0.08706136  0.11241558
  0.60245235 -0.24482986  0.12543229
  0.11683808 -0.19414672  0.03092100
  0.48191595  0.58344893  0.11069596
  0.30510572  0.97174318  0.01861353
  0.96562326 -0.10464757  0.00502717
  0.96069717  0.69179810  0.00020580
 -0.92874041 -0.15246324 -0.00702541
  0.91607400  0.61808611  0.00071010
 -0.40097991 -0.54803825  0.01106397
 -0.64280014 -0.22569010 -0.05894559
 -0.50905765 -0.00417502 -0.27115524
 -0.18537195  0.58972702  0.55327199
  0.12715676  0.27245338  0.15360914
 -0.74054805 -0.15433148 -0.05041516
 -0.17528599 -0.53109341 -0.24698098
 -0.32995905  0.21333385 -0.15747065
  0.00026641  0.63762937  0.65937616
 -0.52425596 -0.27698306 -0.01722224
 -0.07766023  0.48374633  0.74481158
  0.32803365 -0.78926501 -0.10276144
 -0.80178266  0.32162683 -0.01685003
  0.36206870  0.33467872  0.23364660
 -0.07544269  0.89186426  0.10136213
  0.25609468 -0.95225558 -0.02977811
 -0.96531522 -0.89367742  0.00003287
  0.53781074  0.17894784  0.21842959
 -0.16885080  0.63450143  0.51493235
  0.63982195 -0.11105142  0.15430123
  0.96276411  0.12887141  0.00486389
  0.87705098 -0.39187031  0.00458102
  0.69161299  0.01673863  0.11625453
  0.96472271 -0.33650550  0.00212738
 -0.16364856  0.71653237  0.35470341
 -0.03198000  0.98373617  0.03659859
  0.22256854 -0.38092297 -0.28938082
  0.43137898 -0.67658852 -0.09736918
 -0.58017617 -0.67397881  0.00662175
 -0.36030651  0.24871164 -0.14511770
 -0.87541488 -0.59018152  0.00056036
  0.30186534 -0.52735909 -0.33622205
 -0.66415615 -0.47777373  0.00762436
 -0.47506273  0.49298621  0.06312009
 -0.75084233 -0.08711362 -0.05915155
  0.18037453  0.68481540  0.40161396
  0.73286089  0.43421687  0.02033993
  0.69392606 -0.72301668 -0.00350497
 -0.73159171 -0.47312859  0.00256091
 -0.48570840 -0.73111147 -0.00022921
  0.72704998  0.16369310  0.06765424
  0.88219694 -0.00498366  0.01662502
  0.42571813 -0.87680526 -0.02369809
 -0.90945965  0.86039112  0.00006873
 -0.98744876 -0.22200503 -0.00233532
 -0.06375121 -0.43063350 -0.27443732
  0.70613518 -0.08769926  0.09776208
 -0.59573410  0.66816032  0.01961211
 -0.99549906  0.70593842  0.00001776
 -0.06181977  0.46047093  0.72422428
  0.12608965 -0.94002127 -0.05071212
  0.74568903 -0.12319753  0.06491928
  0.43047485 -0.86738299 -0.02502409
  0.88443686  0.56693600  0.00157276
  0.90127447 -0.25333385  0.00766643
  0.14194086 -0.96122795 -0.03832518
 -0.02957268 -0.60199264 -0.54623548
 -0.27090493 -0.27162251  0.28044630
  0.07487759  0.53479519  0.76762099
  0.77876461 -0.95382885 -0.00014128
  0.17463216 -0.96738321 -0.03300813
 -0.90703756 -0.23801438 -0.00593836
  0.35671565  0.03650929  0.31767138
  0.86836207  0.91300609  0.00010674
  0.63161668 -0.17313612  0.13977473
 -0.84138838 -0.99465684  0.00006537
  0.08408109  0.22298628  0.06499304
  0.72409974 -0.28775091  0.04316414
  0.69439609 -0.09596130  0.10625385
  0.51233522  0.66161865  0.06254597
 -0.02890462  0.12904779  0.06056646
 -0.51089481  0.84907606  0.01505337
 -0.06514266  0.29011604  0.24394386
  0.86014685 -0.30420928  0.00989674
 -0.28752774  0.51642192  0.36222261
 -0.73411979  0.11475748 -0.07417811
 -0.25620885 -0.10189491  0.13931046
 -0.06678332 -0.64032637 -0.44929803
 -0.29498752  0.66481896  0.26507747
 -0.97379086  0.30109788 -0.00240766
  0.96493233 -0.46246767  0.00083325
  0.33755931 -0.80031672 -0.08880648
  0.54842464 -0.98560286 -0.00218259
  0.22528284 -0.44790025 -0.42056815
 -0.18367363  0.96789996  0.03318624
  0.72797499  0.86998436  0.00122412
 -0.39490640 -0.20210388  0.02249522
  0.12332963 -0.75811508 -0.28054561
 -0.48432629  0.70946354  0.05311391
 -0.64327173  0.89221279  0.00242731
  0.75789186  0.40297756  0.01832633
 -0.15334785  0.24451951  0.10892257
  0.89310224 -0.11120915  0.01316931
  0.98357558  0.67623906  0.00016054
 -0.02366449  0.83242280  0.18911570
 -0.60114029 -0.02616223 -0.18999179
  0.20243570  0.11492855  0.06895599
  0.74589894  0.48442388  0.01396017
 -0.34971349 -0.91293494 -0.00813479
 -0.29118692  0.51963913  0.35543689
  0.93355620  0.54235376  0.00091197
 -0.42854171 -0.27483784  0.05724143
  0.47091748 -0.54985086 -0.08198447
  0.81253207 -0.96663754 -0.00006774
  0.56140542  0.25605482  0.15333671
 -0.04793291 -0.99804557 -0.02291994
 -0.85297039 -0.08287348 -0.02154495
  0.18440062 -0.16549179  0.04828733
  0.40477994  0.38920634  0.21763981
  0.23499005 -0.18193546  0.08425167
 -0.27813992 -0.97408558 -0.00831828
  0.93037949 -0.71925216  0.00000359
 -0.56025917 -0.37244744  0.01537653
  0.78000412 -0.77346778 -0.00066070
 -0.67981636 -0.89503179  0.00081681
  0.61314656  0.64038915  0.02711163
 -0.30407868  0.99420964  0.01402395
 -0.44361232 -0.03158860 -0.25998128
  0.56646105 -0.67855778 -0.02404710
  0.74238220  0.52985579  0.01163153
 -0.01191652  0.20070948  0.07547084
 -0.87340551 -0.56852980  0.00054689
 -0.66455841 -0.90356225  0.00083691
  0.08239101  0.89825701  0.09379802
 -0.41721498 -0.04307014 -0.23319452
 -0.49647204 -0.35963931  0.04104553
  0.22659530  0.47282443  0.49850906
  0.98275255 -0.96033878 -0.00000168
  0.81379944  0.46836723  0.00700207
 -0.66230145  0.88494291  0.00207594
 -0.52368831  0.87198144  0.01072516
 -0.31916257 -0.50635022 -0.00135714
  0.23713409  0.84993407  0.09773319
  0.27374852  0.95836418  0.02577867
  0.60428685 -0.03491742  0.21021557
  0.17321039  0.61943610  0.53605386
 -0.23035512  0.31789556  0.14865762
  0.22005552  0.09400133  0.09642740
 -0.59491383  0.06116148 -0.20678595
  0.15984179 -0.53350332 -0.59844239
  0.99727847 -0.37023267  0.00107673
 -0.59468894 -0.47604878  0.01717639
  0.63256662  0.75445681  0.01070903
  0.27909510  0.82229707  0.10359683
  0.12963436  0.14290305  0.00527366
  0.47336011 -0.77151450 -0.03881225
 -0.30033998 -0.02689996 -0.06922524
 -0.77267856  0.47025691 -0.00481536
  0.08878273 -0.74126130 -0.32719142
 -0.88214677 -0.79035242  0.00023961
 -0.86233918 -0.27952476 -0.00723021
 -0.11314017 -0.33838004  0.13819225
 -0.70123332  0.74862195  0.00366076
  0.14893234  0.98971425  0.02804087
 -0.46648109 -0.54084272  0.02433216
  0.01113488 -0.10816340  0.15787945
  0.17080771  0.67688311  0.43019265
 -0.20486663  0.60073123  0.50248996
 -0.42772989 -0.71831439 -0.01050199
  0.47205337 -0.87835839 -0.01568256
  0.39956020  0.20016880  0.25866805
 -0.93280987  0.86388252  0.00004436
  0.94991025  0.02132861  0.00678045
 -0.71304467 -0.67389794  0.00310980
 -0.77112336 -0.09474082 -0.04824173
  0.07058323  0.64013316  0.62399307
  0.68692897 -0.39486002  0.02579687
  0.73524030  0.01250025  0.08037296
  0.14627803 -0.73226657 -0.31986115
  0.85498180 -0.98586854 -0.00002423
 -0.59958569 -0.65236877  0.00742698
  0.94735082  0.22954045  0.00437486
 -0.02942041  0.09347290  0.07215289
  0.39597266 -0.74391804 -0.08976702
 -0.28192486 -0.43084231  0.08071894
  0.77286460 -0.67701064 -0.00085343
 -0.17800554  0.40273551  0.43953754
 -0.21793766  0.66579134  0.38145782
  0.71698201  0.39538011  0.02848392
 -0.37212149  0.69936667  0.13876226
  0.74391023 -0.50018410  0.00464663
  0.87967251 -0.96081275 -0.00002016
 -0.72485904 -0.67038369  0.00284734
 -0.99586432  0.00180159 -0.00387586
  0.74830330 -0.42966126  0.01175311
 -0.45413356 -0.04691451 -0.24931124
 -0.80555065  0.36512348 -0.01178334
  0.76594432  0.84158855  0.00099182
  0.92677039  0.72776377  0.00026373
  0.79470019 -0.02098612  0.04509034
 -0.53795834 -0.25118533 -0.04313678
 -0.63039427 -0.33309907 -0.01147692
  0.04517666  0.57798836  0.75960665
  0.20633058 -0.86888036 -0.08953620
  0.35487523 -0.89440169 -0.03317919
 -0.48643006  0.97830694  0.00463579
  0.61560612 -0.50146362 -0.00059266
 -0.18431311 -0.64235949 -0.25351833
  0.41872941  0.73177664  0.08782108
 -0.30713536 -0.40815214  0.12310361
 -0.55810293  0.82973983  0.01121915
 -0.28316819 -0.01788169 -0.04357812
 -0.54908735  0.39394593 -0.03432787
  0.61896458  0.11259115  0.17244180
 -0.48320115 -0.54020792  0.02452666
 -0.47611263  0.23886943 -0.19429723
 -0.82156207 -0.37243294 -0.00365654
 -0.44838156 -0.05334358 -0.24097503
 -0.86875097  0.56253432 -0.00037040
 -0.43531870  0.87055533  0.02365773
  0.83172077  0.15074289  0.02442684
  0.96136813 -0.47742385  0.00076113
 -0.24554503  0.56466890  0.45015830
  0.94674842  0.32123143  0.00287913
 -0.81641719  0.56119117 -0.00033186
  0.07556483  0.48246624  0.73823962
  0.97460141 -0.63990151  0.00008427
 -0.78475881  0.09437652 -0.04782503
 -0.58945145  0.17166154 -0.17687539
  0.74272673  0.29007715  0.03647592
  0.06724618 -0.55945154 -0.65099004
 -0.39920982 -0.26554060  0.08698948
  0.65720672  0.65130161  0.01610747
  0.14688679 -0.98141208 -0.02955830
 -0.13650375  0.29941043  0.22887536
 -0.89544296  0.42837314 -0.00251680
  0.14739602 -0.80397372 -0.18929286
  0.12825566 -0.69183129 -0.41670826
 -0.09077496  0.45211498  0.68083390
 -0.31087862 -0.40500386  0.12740484
 -0.92388340  0.08294833 -0.00993043
 -0.56313695  0.94128038  0.00346505
 -0.90525485  0.03111377 -0.01305728
 -0.99303802  0.54276325 -0.00018819
 -0.68940870  0.83227438  0.00239080
 -0.25216445 -0.01986023  0.02602466
  0.79834733 -0.49728374  0.00352482
  0.18861118  0.63467987  0.48525944
 -0.77319283  0.07138366 -0.05495713
  0.64135342  0.28329271  0.08625570
  0.15375837  0.35591412  0.35999660
  0.93263826 -0.89094197 -0.00001266
  0.84075755 -0.40341818  0.00631317
  0.17756548 -0.60874969 -0.51863427
  0.22424123  0.27270232  0.17439542
 -0.46168434 -0.09172678 -0.20267988
  0.53481144  0.62550488  0.06100471
 -0.74261267 -0.13551351 -0.05383705
  0.90623360 -0.09022676  0.01152316
 -0.83111282  0.24655741 -0.01878748
  0.64267813  0.29830403  0.08041003
 -0.70839887 -0.28634751 -0.02347360
 -0.04436359  0.12343278  0.07091033
 -0.63593677  0.54858794  0.00872984
  0.13921412  0.98930102  0.02890720
  0.98277311  0.87816635  0.00002468
 -0.77219036 -0.14970462 -0.03919368
 -0.57661609  0.78170054  0.01347970
  0.07354136 -0.79233045 -0.22828866
 -0.49460840  0.78013417  0.03098398
 -0.48313514  0.69883972  0.05664981
 -0.53614556  0.44267416  0.00049094
 -0.69285968 -0.85454891  0.00104539
  0.15388522 -0.31007989 -0.16659992
  0.87051406 -0.91800968 -0.00003907
  0.77815156 -0.33598765  0.01974514
  0.97274439 -0.49784073  0.00053552
 -0.92975295  0.73825156  0.00008956
  0.20998212 -0.03933887  0.09259427
 -0.21268992  0.92055792  0.05203286
 -0.93530033 -0.24436450 -0.00404334
  0.40127997 -0.58018708 -0.16253078
  0.06730597 -0.28006261 -0.03872428
  0.42633905 -0.98612229 -0.00682572
  0.27914910 -0.74749114 -0.18193564
  0.54908360  0.07472173  0.26294950
  0.18634534 -0.76137603 -0.23819808
  0.22366088 -0.02137310  0.11317759
 -0.24269195 -0.97714286 -0.01100054
  0.71935014  0.78259128  0.00310304
  0.50883296  0.59963097  0.08449140
 -0.73287617 -0.45077482  0.00149819
  0.87398646  0.99116341  0.00003736
  0.90332605 -0.00068163  0.01272510
  0.26034798 -0.96389168 -0.02540631
 -0.25567734 -0.98171493 -0.00924379
  0.09343543 -0.15504963  0.06113985
  0.55805842  0.53863413  0.06848350
 -0.70345463 -0.69923447  0.00291974
  0.07284278  0.12291295 -0.00177716
 -0.37570542 -0.59086814 -0.01846624
  0.23849754 -0.07189303  0.13360549
  0.23065347 -0.98767485 -0.02137687
 -0.03169558 -0.31214362  0.05955485
 -0.75428520 -0.04010376 -0.06341855
 -0.12695045  0.35600166  0.38954747
  0.32369208 -0.73427340 -0.15554266
 -0.54888338 -0.73205036  0.00370367
  0.07334985 -0.89536757 -0.08786839
 -0.48855319 -0.10850615 -0.18918739
 -0.59560284  0.77328930  0.01159933
  0.14565486  0.21568933  0.06193719
  0.04992164  0.28597533  0.20770256
 -0.41766991 -0.34988586  0.09888581
  0.59873575  0.56384696  0.04379441
  0.25997808 -0.10193106  0.16013053
 -0.97636713 -0.75534574  0.00007719
  0.51366205 -0.11701776  0.28053559
  0.42286482  0.91644531  0.01657149
 -0.48894757 -0.77828060 -0.00042223
 -0.22014276 -0.50124835 -0.11679897
 -0.53316014  0.04256519 -0.26624676
 -0.23726388 -0.43801319  0.03119330
  0.06614341  0.27529629  0.17386592
 -0.59685233 -0.07489674 -0.17243581
 -0.78907723 -0.29231404 -0.01276621
  0.33623161 -0.05941376  0.28813997
 -0.62544299 -0.94068377  0.00074389
  0.04868372 -0.23203841  0.07544782
  0.10505498  0.88647032  0.10212496
  0.11752550 -0.79535213 -0.21390717
 -0.55338307  0.52409908  0.02713591
 -0.88981155  0.29621990 -0.00738652
 -0.66299767  0.03129003 -0.13864205
 -0.43607605  0.29927922 -0.11808931
 -0.22573202 -0.17787798  0.30276585
 -0.86691769 -0.24086501 -0.00919537
  0.05613172 -0.09325032  0.08465389
  0.18064644  0.93427144  0.04998281
 -0.81228960 -0.88359526  0.00026945
  0.73500891  0.39137464  0.02440787
  0.69244585  0.19956427  0.08089941
  0.57635472 -0.27909015  0.11790448
  0.79532589 -0.74499421 -0.00055081
  0.15088066  0.44203487  0.57561797
  0.43733179  0.42221014  0.18894881
  0.57824298 -0.01746222  0.24296423
 -0.26529625  0.57146252  0.40485533
 -0.82468079 -0.16128795 -0.02241557
  0.99876621  0.16122221  0.00264575
  0.52402042 -0.25335484  0.16504273
  0.10301371  0.81335465  0.20397814
  0.81682663 -0.09496066  0.03328271
 -0.90261045  0.49739556 -0.00103000
  0.05008191 -0.54504761 -0.64943297
  0.59911229 -0.35194215  0.06113537
  0.62009711  0.99696158  0.00100457
  0.74354561 -0.34328506  0.02582789
  0.30592743 -0.49385226 -0.31349504
  0.85789107 -0.12001542  0.01993974
  0.03292090 -0.79079829 -0.23094281
  0.39958231  0.21325846  0.25095207
  0.04861956  0.30568348  0.26439466
  0.97867707  0.59096278  0.00032888
  0.28867722  0.76789421  0.15302750
 -0.56979207 -0.15084034 -0.13348998
  0.93987667  0.31628848  0.00324931
  0.19556631 -0.37827332 -0.31653409
 -0.98363234  0.96973714  0.00000624
 -0.56317003  0.46497076  0.00399665
  0.60274018  0.20097829  0.14938029
 -0.70208506 -0.66966544  0.00349708
 -0.29949266  0.40615133  0.21234166
 -0.99208675 -0.69461553  0.00007932
  0.90566142  0.98499334  0.00002458
 -0.27766477 -0.34205878  0.22189531
  0.23639071  0.01801728  0.13280100
  0.13625188  0.81342225  0.18982343
  0.32184202  0.57242387  0.32256876
 -0.45781916 -0.63547765  0.00184405
  0.67422695 -0.90160759 -0.00123477
 -0.73815712 -0.40388596 -0.00203216
  0.13290977 -0.11142780  0.03952125
  0.85212815  0.99845583  0.00004740
  0.20287639  0.62208363  0.48227803
  0.63028124 -0.87665175 -0.00284747
 -0.58778220 -0.30142989 -0.01989272
 -0.57820696 -0.57267825  0.01393448
 -0.34158787 -0.45064505  0.07177230
  0.46509569  0.41479752  0.16449278
 -0.42630290 -0.98711227 -0.00047562
 -0.38486977 -0.31986535  0.13085808
 -0.11213626 -0.60195381 -0.40752191
 -0.26115964  0.49463488  0.40881933
 -0.36196739  0.95654900  0.01577799
  0.91950669  0.69517143  0.00038349
  0.17766673 -0.78131441 -0.21071797
 -0.61327466 -0.01151361 -0.18246088
 -0.82185742  0.85963965  0.00028988
  0.73566796  0.37868113  0.02576832
 -0.35973169 -0.41184402  0.10984793
  0.20192863 -0.47410236 -0.49741485
 -0.38419797 -0.42057500  0.09469960
  0.79609441  0.83567897  0.00069682
  0.03413718 -0.01045640  0.06452917
  0.76101582  0.23260877  0.03902139
 -0.71020467 -0.77767028  0.00165035
 -0.70502326  0.92822716  0.00077078
 -0.01857958  0.26038595  0.17000514
 -0.21034292  0.58255009  0.51122361
  0.37887758  0.42043692  0.24810530
 -0.76786033  0.87163501  0.00058123
 -0.35499389  0.95341896  0.01713825
  0.02930780  0.02443993  0.05142099
 -0.76411161  0.28465256 -0.03051999
 -0.33374813  0.96826630  0.01636102
  0.95391086  0.89452937  0.00003352
 -0.94778978 -0.27274819 -0.00284455
 -0.87458014 -0.69159164  0.00046433
  0.86144397 -0.32917216  0.00844037
 -0.33564108 -0.03914138 -0.12496900
  0.39465027 -0.30106040  0.09183116
 -0.50452024  0.70832316  0.04417964
  0.76440652  0.73733384  0.00251822
 -0.65158468 -0.55632221  0.00877845
 -0.12612863 -0.90762340 -0.05279574
  0.25303231 -0.81612149 -0.12164355
  0.15189387  0.31581087  0.25392013
  0.03848888 -0.86026754 -0.12566703
  0.75108534 -0.34009508  0.02470722
  0.90399373  0.81950078  0.00016564
  0.91358169 -0.51875457  0.00089402
 -0.58056980  0.00573586 -0.21817814
  0.06899369 -0.90832283 -0.07657755
 -0.91737474  0.52667595 -0.00056662
 -0.06365440  0.35978718  0.45001535
  0.19315047  0.05763589  0.06159512
  0.91289472 -0.19173772  0.00833348
  0.61329457  0.99605567  0.00109531
  0.25156323 -0.49936719 -0.42800984
  0.74583633 -0.88701030 -0.00049571
 -0.60180108  0.85713730  0.00549482
 -0.09653640  0.56521522  0.72797267
 -0.47525936  0.97752314  0.00516156
  0.20093712 -0.16003989  0.06338164
  0.86993334 -0.26763666  0.01060549
  0.17159087 -0.64244768 -0.47364100
  0.19783955  0.11631949  0.06279549
  0.16405259 -0.30180820 -0.14460829
 -0.61317586  0.09519436 -0.18249411
  0.59672385 -0.26241853  0.11807508
 -0.04143757  0.77952887  0.29037398
  0.65637907  0.74060606  0.00912440
  0.89486135 -0.43904377  0.00251276
 -0.90358708 -0.68203897  0.00032260
 -0.75334741  0.37987231 -0.01679785
 -0.96858409  0.60416565 -0.00006807
 -0.50302127  0.81997470  0.02093989
 -0.46492683  0.90492563  0.01303806
 -0.29605006  0.58657539  0.33458568
 -0.81151561  0.33528371 -0.01389801
 -0.46084248  0.61187362  0.09308861
  0.77149480 -0.95443942 -0.00015823
  0.33377980  0.43608010  0.30706124
 -0.13754198 -0.63407257 -0.34012737
  0.52895715 -0.68055369 -0.03685492
 -0.20829058  0.76053501  0.22892485
  0.79260841 -0.01679498  0.04612760
 -0.30060526 -0.31848404  0.22679168
  0.56087878  0.82410679  0.01263823
  0.81258067 -0.24433711  0.02266527
  0.50694922 -0.10923141  0.29038545
  0.38892943  0.49298082  0.24245938
 -0.69779307  0.33379226 -0.03857059
 -0.71532000  0.34621470 -0.03061584
  0.32963559 -0.95636510 -0.01937758
 -0.39156515 -0.75267006 -0.01915609
  0.17601173  0.22704169  0.09052178
  0.58163759  0.42329524  0.07850259
  0.88305140 -0.03597071  0.01631865
  0.08894952 -0.06086046  0.03936728
  0.37533316 -0.66530617 -0.15916388
 -0.41955940  0.13201219 -0.28571129
 -0.19878423 -0.77753102 -0.11945819
  0.69810544 -0.04488608  0.10928826
 -0.23308516 -0.56461858 -0.16577298
  0.15068492 -0.05899878  0.03479271
  0.01138390  0.01501112  0.07560166
 -0.35305387 -0.77563720 -0.02923848
 -0.37119191 -0.86824977 -0.01012902
 -0.72279939 -0.49197957  0.00360134
 -0.70799888  0.76906319  0.00296634
 -0.77171220  0.86442503  0.00058747
  0.68144760 -0.07561190  0.12103520
 -0.61593703 -0.49554180  0.01374298
  0.64093924 -0.15937275  0.13697285
 -0.41184443  0.76529161  0.06923203
  0.73800223  0.63559170  0.00697977
 -0.91426151  0.36731546 -0.00341039
  0.66991239 -0.47623877  0.00851454
 -0.85796163  0.20138255 -0.01671454
 -0.93223292  0.07401749 -0.00900413
 -0.55383398  0.35018429 -0.06753783
 -0.96203176  0.69233579  0.00003641
 -0.56762289  0.52551446  0.02203331
 -0.52555213 -0.85596253  0.00102693
 -0.13953821  0.18275614  0.06572114
  0.94181918  0.36521209  0.00242502
 -0.20024740 -0.89103585 -0.04247422
  0.27622084 -0.81315933 -0.11209233
 -0.36424530  0.21317287 -0.19199027
 -0.19790004  0.86939244  0.09414852
  0.92574010 -0.02976586  0.00943741
  0.92465403 -0.85481008 -0.00001996
 -0.61166096 -0.99672043  0.00047644
  0.74822568  0.72070597  0.00351419
 -0.95903712 -0.98522362  0.00001469
 -0.34813828  0.60548711  0.23254079
  0.06314636  0.91791178  0.07773874
 -0.78347157  0.64198579  0.00123684
  0.37732059  0.62520698  0.20124044
  0.56121937 -0.11925681  0.23437236
  0.50918287  0.82043752  0.02122549
 -0.72014149  0.64467258  0.00368285
 -0.37738179 -0.45678541  0.06792666
  0.65173212 -0.52738180 -0.00079963
 -0.57794789  0.59760157  0.02641789
 -0.38965000 -0.24706151  0.08420476
 -0.96046878  0.18944601 -0.00478396
  0.05029896 -0.96272239 -0.04085967
 -0.22859070 -0.30861586  0.28743492
 -0.76625610  0.04454886 -0.05969460
  0.77101760  0.94507971  0.00029897
  0.46304960  0.06008558  0.33926758
  0.99953612 -0.30815695  0.00150824
 -0.26945326 -0.97801066 -0.00857134
 -0.98475836 -0.58321422  0.00008348
  0.52371803  0.58532061  0.07860562
 -0.31630422 -0.88575609 -0.01674299
 -0.60802451  0.16766790 -0.16222790
  0.84917386 -0.25974007  0.01406162
 -0.50530128 -0.73221957  0.00156395
  0.76745945 -0.03552161  0.05904762
 -0.31840618 -0.35367776  0.18419807
  0.42652354 -0.21973241  0.21990798
 -0.33773917  0.01549885 -0.18693822
 -0.93363084  0.56424039 -0.00024063
  0.41593344  0.55589832  0.19057342
 -0.49115139 -0.38642086  0.04846140
  0.63603516 -0.72568160 -0.00808526
  0.39513317  0.87971391  0.02999021
 -0.20809821 -0.24753522  0.35066285
 -0.88806290 -0.74389455  0.00029729
 -0.79604140  0.51273943 -0.00185528
  0.73203172  0.99318965  0.00027481
 -0.80304386 -0.65485516  0.00133222
 -0.03095507  0.87453791  0.12628931
  0.01919196 -0.56741635 -0.62471472
 -0.89706932  0.29990937 -0.00661775
 -0.19400745 -0.55834779 -0.23409065
 -0.90398888 -0.06709118 -0.01222784
  0.14087328  0.45900509  0.62026618
  0.94088939  0.00542379  0.00771924
 -0.25267577  0.51008608  0.43671769
 -0.14538582  0.23786334  0.10661690
  0.66891708 -0.79788273 -0.00332861
  0.00988346  0.63034673  0.67577081
 -0.23972669 -0.72925711 -0.12172558
  0.45369627 -0.80271040 -0.03657498
  0.52098480  0.40698290  0.12177457
  0.75582999  0.69220751  0.00390558
 -0.34435225 -0.79762756 -0.02781233
  0.38599348 -0.83024367 -0.04979218
  0.02070123 -0.12523571  0.15164935
 -0.43508809  0.39605051  0.01298705
  0.13987993  0.00601098  0.01720754
 -0.89761482  0.82565090  0.00010991
 -0.44400374  0.38273670 -0.00983871
 -0.90113320 -0.35151822 -0.00237512
 -0.95883360 -0.78090480  0.00008651
 -0.57049768  0.85189917  0.00809490
  0.37426867 -0.26810628  0.12785258
  0.98656211 -0.87136877 -0.00000299
  0.02504430  0.61014503  0.71571318
  0.46043129  0.19490877  0.25633854
 -0.77474297  0.09319157 -0.05282437
  0.77637811 -0.48959392  0.00459142
 -0.20885216 -0.49080573 -0.11854658
 -0.15654544  0.34076918  0.31207530
  0.84613444 -0.64231108  0.00006227
  0.79631256  0.37133699  0.01430635
  0.44233854 -0.21747685  0.22412412
  0.64842807  0.24624877  0.09500812
  0.66314672 -0.83033562 -0.00280367
 -0.94821883 -0.97858062  0.00001850
  0.61195960 -0.80593251 -0.00667015
 -0.33023168 -0.17798127  0.10308905
  0.98338054  0.96341854  0.00000887
 -0.56238825 -0.25991994 -0.04174369
 -0.61619927 -0.64217304  0.00740167
  0.23608116  0.88660412  0.06833376
 -0.68155735  0.69322296  0.00607875
  0.48136785 -0.23121639  0.20340969
 -0.47889901  0.56832182  0.07999930
 -0.35190351 -0.24231679  0.14046365
  0.90345157 -0.12051935  0.01133741
 -0.00958201 -0.88275270 -0.09615736
 -0.38174308 -0.74396190 -0.02345557
 -0.96057601 -0.73035013  0.00011251
 -0.39956503 -0.53457035  0.01744613
  0.29319212 -0.24314754  0.08205793
  0.49066641 -0.65166978 -0.06125466
  0.61706980 -0.96622895 -0.00125585
  0.18951175 -0.39980147 -0.37606766
 -0.67943078 -0.96356065  0.00044124
  0.64869763  0.43589011  0.04430622
  0.53962430  0.95383004  0.00395829
 -0.38249832 -0.45070407  0.07248505
  0.76819747 -0.17239522  0.04635458
 -0.04481193  0.45802566  0.73075176
 -0.69814163 -0.16501203 -0.06585805
 -0.53094084 -0.65732350  0.00722499
  0.86758994  0.15097094  0.01605070
 -0.38226033 -0.75322531 -0.02218058
  0.39597400  0.91923235  0.01954378
 -0.89640034  0.42171241 -0.00265686
  0.73613987  0.48396252  0.01553976
  0.93481811  0.88272825  0.00005245
 -0.65551616  0.42184902 -0.01903225
  0.17683949 -0.26004509 -0.05511022
  0.00936913  0.66459929  0.59078808
 -0.55955116  0.91380934  0.00488287
  0.28049443  0.15221738  0.17843800
 -0.11196531  0.19922069  0.08820519
 -0.38414119  0.74069565  0.10025697
 -0.33105096 -0.37647868  0.15503585
  0.51792744 -0.48171644 -0.02497402
 -0.73895903  0.15598920 -0.06493646
 -0.73342568  0.06224038 -0.07957087
  0.08394215 -0.46757284 -0.58397131
  0.17240302 -0.53045886 -0.58107147
 -0.43790021  0.13200840 -0.28867139
 -0.09928682  0.68909572  0.48150259
 -0.92615786 -0.60883561  0.00025909
 -0.95733722  0.12526783 -0.00594293
 -0.89232668 -0.32759912 -0.00338203
 -0.08303783  0.75040271  0.34219236
  0.37917190 -0.53645989 -0.19542077
 -0.02262769  0.31376533  0.31080916
 -0.58677516  0.95733695  0.00224117
  0.84269850 -0.76784054 -0.00019445
  0.87761917 -0.17330317  0.01379468
 -0.52606391 -0.94722541  0.00068134
  0.22018209  0.83395588  0.12136936
  0.29189351  0.25352132  0.19511407
 -0.55949665  0.10462358 -0.23393311
 -0.06018379  0.17029673  0.07664403
  0.05418163  0.49048596  0.76710223
  0.23690151  0.14942679  0.11636209
 -0.34911837  0.15943422 -0.22212272
 -0.90501268 -0.70109316  0.00029268
  0.09366879  0.73043962  0.38322894
 -0.66359665 -0.12736423 -0.09913803
 -0.58882882  0.40144454 -0.03072668
 -0.49486203 -0.83136667  0.00004469
 -0.81414125  0.97555667  0.00009733
  0.96509674  0.76794435  0.00010041
  0.52154053 -0.76297633 -0.02563307
  0.81617117 -0.12396612  0.03181728
  0.65326092 -0.81996062 -0.00349109
 -0.40763237 -0.31794737  0.10457788
 -0.48420879  0.53094533  0.06981762
  0.03169655 -0.43783947 -0.47450216
 -0.06139350  0.39628995  0.56500393
 -0.24253407  0.36359880  0.23102777
 -0.16971830 -0.98695553 -0.01609516
  0.89182137  0.66136648  0.00075002
  0.73927658  0.72426345  0.00383327
  0.04250685  0.31053381  0.28163096
 -0.75725948  0.42231347 -0.01044464
  0.56670311 -0.02149498  0.25643465
  0.78289838 -0.68944895 -0.00071386
  0.51755762 -0.61447632 -0.04953617
  0.38301284  0.93151146  0.01861352
 -0.85771062  0.81175929  0.00023726
 -0.82569468  0.01460520 -0.03286778
 -0.29202041 -0.53724728 -0.05833942
  0.54221164  0.12311410  0.24792660
 -0.41893012 -0.81889232 -0.00733244
  0.04854518 -0.31373646 -0.09875228
  0.51945914 -0.84179139 -0.01406370
  0.07577312  0.36749641  0.44908348
  0.52060905 -0.14930843  0.25435822
 -0.50468354 -0.61660349  0.01030317
 -0.36221285 -0.20290194  0.07765847
 -0.33172768 -0.48938986  0.02504713
  0.17548568  0.29944550  0.21153358
 -0.05180473 -0.39788142 -0.18995692
  0.24580165  0.78200901  0.16855887
  0.74866364  0.66252636  0.00519736
  0.57260950  0.06127814  0.24087678
 -0.97956072 -0.21059558 -0.00276576
  0.75919429 -0.96411187 -0.00017223
 -0.77591305 -0.61746208  0.00206855
  0.28252995 -0.04497113  0.21086308
 -0.55034162  0.05341763 -0.25150811
  0.36286936  0.48842470  0.27951349
  0.63654071  0.84080011  0.00488964
  0.71585217  0.05033732  0.09302586
 -0.64843691  0.09112829 -0.14798431
  0.78863189  0.09940275  0.04370518
 -0.36833760  0.13365980 -0.25372597
 -0.01388977 -0.54827591 -0.58923619
  0.99446966  0.98336106  0.00000565
  0.66166240  0.54302367  0.02586680
  0.61462808  0.27465890  0.10655358
 -0.71703311  0.82287235  0.00179334
 -0.46064033  0.98429800  0.00537064
 -0.08249405  0.27120041  0.19624707
  0.32096667 -0.89181511 -0.04200580
 -0.91416963 -0.44515154 -0.00044956
 -0.85150753  0.26439439 -0.01373999
 -0.30521905  0.12809964 -0.17343996
 -0.99339086 -0.85016457  0.00003087
  0.50163472 -0.89916719 -0.00959044
  0.03035150 -0.64966780 -0.52554328
  0.52585369  0.19142475  0.21993047
  0.79159470  0.64258271  0.00341910
  0.33704476  0.24294988  0.21901275
  0.97734871  0.15707669  0.00366856
 -0.02026055  0.32408299  0.34246064
  0.61889141 -0.70538726 -0.01114340
 -0.78712061  0.96268678  0.00016883
  0.65197752  0.44539928  0.04153591
 -0.63835446 -0.85707931  0.00140543
 -0.82983500  0.58165976 -0.00004776
 -0.38309030  0.32629086 -0.04500385
  0.59041922  0.23450680  0.14261765
  0.12477536  0.67061269  0.49997279
 -0.08935929 -0.64075067 -0.41478151
 -0.97947184  0.81780205  0.00002584
  0.31936086 -0.25376530  0.09645325
  0.23780739 -0.67435430 -0.33265790
 -0.71894552 -0.73596087  0.00204227
  0.91859132  0.22170007  0.00666090
 -0.35963889 -0.42701436  0.09599840
 -0.79776304  0.40899449 -0.00852800
  0.73035401 -0.97922070 -0.00022474
  0.35176507 -0.65805880 -0.19330285
  0.13879874  0.51502680  0.67912452
 -0.68092448 -0.00151047 -0.12038894
 -0.86133580 -0.75247523  0.00040095
  0.31860314 -0.03000819  0.27072918
 -0.00570056 -0.28164499  0.08751272
 -0.70196282  0.40112962 -0.01985719
 -0.97400285 -0.66041970  0.00011654
 -0.66773629  0.85188704  0.00265334
  0.41663666 -0.67956248 -0.10874780
 -0.35765091  0.38152052  0.07567325
 -0.09604490 -0.95033604 -0.03625780
 -0.32114112  0.56681684  0.29492068
 -0.17219974  0.48700446  0.59801959
 -0.14526246  0.36921514  0.40427419
  0.81080348  0.55413103  0.00452150
 -0.07667886 -0.12189287  0.29442282
 -0.99074789  0.71509793  0.00002209
 -0.13856727  0.42379706  0.55514668
 -0.27990644  0.56287731  0.37818008
  0.21009503  0.08392225  0.08263364
  0.23413562 -0.72490992 -0.25711444
  0.36360047 -0.03339978  0.32515914
  0.46891857 -0.24876693  0.18621529
 -0.00857047  0.44864574  0.72127381
  0.97525644  0.66414595  0.00020206
  0.99273927  0.94453773  0.00000955
  0.21913937 -0.50038740 -0.49174793
  0.91762564  0.90953157  0.00005126
  0.32356862 -0.18220704  0.19375261
 -0.81190388 -0.79088816  0.00056274
  0.92245319  0.85377436  0.00008745
  0.69993413 -0.97063229 -0.00039266
 -0.02996777  0.12656857  0.06167299
  0.42248398 -0.37669236  0.00079525
  0.28574648 -0.15600160  0.16934316
  0.26433939 -0.51649972 -0.41025770
  0.52682921 -0.03984761  0.29828340
 -0.31502958 -0.73502340 -0.05859813
  0.26455123 -0.08424422  0.17261034
 -0.93153511  0.02415405 -0.00935248
 -0.99474809 -0.96676540  0.00001034
  0.18712670  0.42204241  0.48702791
 -0.53381293  0.53859702  0.03932118
 -0.51502144  0.33606000 -0.08353421
 -0.71101717  0.05462885 -0.09641517
 -0.57986196  0.01488617 -0.22055792
  0.00695516  0.05716468  0.05756404
  0.62898799  0.55646691  0.03381322
  0.20797597  0.86328397  0.09655603
  0.30942852 -0.82110902 -0.08805680
 -0.85375039  0.58680367 -0.00008926
 -0.15176851 -0.52832912 -0.29475143
  0.50681193  0.12823022  0.27624208
  0.32207520 -0.71285756 -0.17861366
  0.24289323  0.08735793  0.13415648
  0.86745783 -0.99957568 -0.00001586
 -0.83288643  0.30029840 -0.01389590
 -0.08311001 -0.29866628  0.19810617
 -0.00978626 -0.51499397 -0.57300978
 -0.39016694 -0.83769693 -0.01034696
  0.80335423  0.13526938  0.03469434
 -0.73895964 -0.00323340 -0.07573312
 -0.02861635 -0.14468938  0.24385286
 -0.20523815 -0.10420367  0.23780922
  0.50724463 -0.10523947  0.29233014
 -0.99660821 -0.49933292 -0.00004691
 -0.02387330  0.24817100  0.14696848
 -0.44282696 -0.34179329  0.07565153
 -0.77394867  0.53807909 -0.00078020
 -0.05866635  0.20874447  0.09971843
  0.10328570  0.37967015  0.46759615
  0.03867448 -0.71054779 -0.39773430
 -0.24763086 -0.59101471 -0.15427822
 -0.93780465 -0.54903315  0.00014598
 -0.50907310 -0.64165853  0.00757515
  0.65285674  0.20403048  0.10737068
  0.41470747  0.06125496  0.34560979
 -0.24413086 -0.01546405  0.03734602
 -0.33690148  0.28184054 -0.07195700
  0.85306766  0.28088067  0.01176404
  0.24584853  0.46412387  0.45807760
  0.16772259  0.77458446  0.23769750
  0.29302285 -0.47541742 -0.32443146
 -0.77131084  0.84275566  0.00071362
 -0.93737437 -0.28944333 -0.00284811
  0.12654503 -0.06024753  0.02834350
  0.04551716 -0.08444232  0.09336304
  0.45489627  0.34196812  0.18465212
  0.98740767  0.94034339  0.00001103
 -0.08537078 -0.84741112 -0.11404552
  0.76439900 -0.58551683  0.00025457
  0.92668029  0.84967644  0.00008525
 -0.21766987 -0.93899412 -0.02177620
  0.30795687  0.58461313  0.33796104
  0.91268845  0.11104191  0.01000646
  0.30929118 -0.55370532 -0.32184765
  0.00194016  0.25372776  0.14904488
 -0.30511645  0.16656732 -0.16183598
 -0.69146604 -0.84098195  0.00117691
  0.17478211 -0.27470702 -0.08294883
 -0.57401966 -0.85993296  0.00152234
 -0.04554018  0.44949359  0.71313572
 -0.50358711 -0.62445146  0.00920375
 -0.89628757 -0.12766980 -0.01147206
 -0.53997794 -0.12045574 -0.17087173
  0.49007839 -0.57061231 -0.06802056
  0.22492258 -0.33537137 -0.17851645
 -0.78128884  0.63433132  0.00123682
 -0.85715844  0.25058776 -0.01377003
  0.55447821 -0.97412718 -0.00235949
 -0.49875790  0.95456528  0.00553718
  0.34570536 -0.39391587 -0.11787609
  0.14414901 -0.49277745 -0.59567088
 -0.88677410 -0.62018469  0.00047629
 -0.21876593  0.84442064  0.11052921
 -0.58863784 -0.88265300  0.00130348
 -0.26551842  0.67440655  0.29631199
  0.97926312 -0.59864613  0.00014992
  0.43952195  0.97169647  0.00761777
  0.94584884 -0.82629423 -0.00001250
 -0.85357990 -0.05834234 -0.02250865
  0.34046035 -0.76869881 -0.11115096
 -0.94518812 -0.63543846  0.00019171
  0.67885899 -0.65002944 -0.00504150
 -0.33767424 -0.20420501  0.12471535
  0.33510824 -0.14292563  0.24193447
  0.18602143 -0.61092526 -0.50365425
 -0.25250752 -0.21438576  0.29235834
  0.02062848  0.63989203  0.65115652
 -0.82712491 -0.59025266  0.00112598
  0.51784222  0.75320138  0.03382429
  0.77403398  0.89048987  0.00053628
  0.60428186  0.75984066  0.01390113
 -0.70872325  0.94012173  0.00064346
 -0.15207263 -0.67972493 -0.27266353
 -0.69793880  0.10459385 -0.10175854
 -0.62442039 -0.40410201  0.00658463
  0.46054874  0.92198447  0.01158502
  0.26313925 -0.57893119 -0.40216762
 -0.73621168 -0.92651810  0.00039529
 -0.29878564 -0.62986672 -0.09234856
 -0.94714556  0.32721196 -0.00295250
 -0.01852673  0.66885550  0.57851574
 -0.87815274 -0.32376514 -0.00408162
 -0.18059065 -0.37236377  0.13347585
  0.12281069 -0.09091434  0.03639383
  0.50643754  0.38323956  0.13824545
  0.43415231 -0.03406579  0.35570245
 -0.06282769  0.00315250  0.16027928
 -0.23839007  0.82153088  0.12511217
  0.29382081  0.69638746  0.23571946
  0.28600755 -0.69410843 -0.24163494
 -0.76869653 -0.37383032 -0.00480359
 -0.32976146  0.45314923  0.22573675
  0.50179490 -0.09607579  0.30139692
  0.48008578  0.63738293  0.09170924
  0.92171549  0.25622173  0.00554077
 -0.90327368 -0.78475186  0.00018748
  0.53284804 -0.37610906  0.05030048
  0.79294483  0.65013076  0.00320154
 -0.60310292  0.75857918  0.01174069
 -0.50575135  0.62045216  0.05920768
  0.85791356 -0.66003305  0.00001148
 -0.24629279  0.29795875  0.08263555
 -0.04992895 -0.78488549 -0.21475552
  0.38361093 -0.43645107 -0.12074364
  0.31729647  0.66637814  0.24212881
  0.22191153 -0.86919210 -0.08450896
  0.13499431  0.90940136  0.07509342
 -0.31909010  0.64473205  0.24969818
 -0.84629264  0.12553901 -0.02364054
  0.89856916  0.00041631  0.01352400
 -0.31053370  0.00901437 -0.13052787
  0.06260723  0.85640120  0.14683407
 -0.51401593  0.30474659 -0.11551397
  0.16707071 -0.51284225 -0.58368319
 -0.63227070 -0.90243367  0.00099920
  0.05600205  0.31535473  0.29067769
 -0.34004952 -0.66331567 -0.05423895
 -0.66908206 -0.90826573  0.00078156
 -0.54172685  0.15362738 -0.22825883
 -0.18872980 -0.67331638 -0.22514292
 -0.26205932  0.20443347 -0.07316104
  0.92575977  0.98242739  0.00001835
 -0.86010488 -0.53634979  0.00055465
 -0.44878218  0.61989955  0.10227539
  0.95160769 -0.99975387 -0.00000240
 -0.05522742 -0.05002478  0.20346625
 -0.74134564 -0.26709708 -0.02333515
 -0.03083700  0.60735885  0.72013357
  0.36500353 -0.95809060 -0.01516632
 -0.73336724  0.27464244 -0.04253661
 -0.16982021 -0.85107467 -0.07630834
  0.73180587 -0.29356451  0.03911685
  0.73112700 -0.33654001  0.03010256
  0.39085964  0.29059192  0.22239006
  0.12372379  0.85386775  0.13578633
  0.17818957 -0.17665778  0.03905662
  0.04329829  0.75641396  0.34313198
 -0.07763495 -0.12925353  0.30151387
  0.18770212 -0.85007628 -0.11383498
 -0.92840935 -0.41180329 -0.00078397
  0.51377421  0.53593185  0.09879987
 -0.82071971 -0.38917192 -0.00275649
 -0.59044028 -0.97629735  0.00061593
  0.29488339  0.41220802  0.33739827
  0.56018915  0.69485000  0.03368584
  0.35028639  0.37152018  0.25539971
  0.62925733 -0.99314353 -0.00077014
  0.76075773 -0.10506095  0.05827143
  0.64102159  0.65675900  0.01859178
  0.74412803 -0.44984676  0.00963677
 -0.82178070 -0.99115414  0.00008568
  0.86866850  0.46305966  0.00364847
  0.64237258 -0.71744359 -0.00768624
  0.40296942  0.39632908  0.22002149
 -0.25534357  0.13805316 -0.08924892
 -0.25695611  0.23907905 -0.02935102
  0.39050587 -0.25964631  0.15214028
 -0.24158679 -0.30150205  0.28984742
  0.53823477 -0.78040149 -0.01902080
  0.33435131  0.81413355  0.08230779
  0.59384248 -0.58521625 -0.01750644
  0.12753343  0.19912290  0.03783937
  0.08211921 -0.32496184 -0.17532671
 -0.70149950 -0.46957019  0.00414238
  0.33833974  0.08787609  0.28048066
 -0.36742504  0.69551326  0.14623771
 -0.21998267 -0.56376301 -0.18831002
 -0.82474763 -0.75738366  0.00060825
 -0.45536139  0.66107019  0.08551573
  0.32306724  0.88263900  0.04612161
  0.89939056 -0.13381853  0.01161511
  0.03005651 -0.88544803 -0.09726682
  0.74029559 -0.35629430  0.02417218
 -0.01177284  0.20412320  0.07875615
  0.19194747 -0.39348460 -0.35806496
  0.43306352  0.55641528  0.16975024
  0.97977432 -0.02958087  0.00444225
  0.06534623  0.35894537  0.42741765
 -0.83299924 -0.78372417  0.00046364
 -0.14840307 -0.36800173  0.10375027
  0.71719962  0.04020711  0.09278430
  0.20285086 -0.59216123 -0.50014376
  0.52331288 -0.48577169 -0.02396680
  0.37541129  0.26659310  0.22694084
  0.07633298  0.47316038  0.72435384
  0.84089196  0.79745946  0.00052880
  0.40155952  0.46563196  0.22720210
  0.44099519  0.33011038  0.19573418
 -0.35269990  0.02872006 -0.22074162
 -0.12838518 -0.87521032 -0.07376768
  0.50016765 -0.84521559 -0.01652558
 -0.67765772  0.62680700  0.00692434
  0.68373040 -0.53632691  0.00053930
 -0.74083290 -0.82973898  0.00086498
 -0.59370681 -0.36973033  0.00540727
 -0.94929902  0.53786362 -0.00033728
 -0.45899603 -0.41248687  0.06424727
 -0.43806039  0.11002910 -0.29774779
 -0.02941801  0.49730775  0.79287970
  0.91426797 -0.76039873 -0.00002843
  0.58843103 -0.92438839 -0.00288344
  0.96004542  0.01554960  0.00589808
 -0.66542024 -0.90053451  0.00085439
 -0.46349869 -0.89358804 -0.00073267
  0.58501331 -0.61726873 -0.02110174
 -0.19021692 -0.80410920 -0.10269670
  0.59607585 -0.29940852  0.09460660
  0.81505290 -0.60937796  0.00023589
  0.10682929 -0.67737314 -0.46063832
 -0.57466652  0.31505823 -0.08981487
  0.92388510  0.49761444  0.00139842
  0.96610768  0.22256441  0.00345527
  0.16796757  0.58298853  0.59676012
 -0.24489293  0.57233904  0.44720793
 -0.40847910  0.10359368 -0.29141374
  0.83753858  0.26415461  0.01520667
 -0.77446420 -0.65849699  0.00182050
 -0.65928653  0.59254602  0.00831330
 -0.46206507 -0.85111036 -0.00158591
  0.66801567 -0.74938949 -0.00457803
  0.65732006  0.17326005  0.11482842
 -0.00309993 -0.79531517 -0.21585369
 -0.79029333 -0.02932637 -0.04585594
  0.73984743 -0.81206338 -0.00103370
  0.38289233 -0.73844742 -0.10243992
  0.40960150 -0.07609541  0.33911422
  0.02401132  0.76308648  0.33116703
 -0.92505468  0.71305413  0.00009702
 -0.23037348 -0.73577170 -0.12608950
  0.33086154 -0.45194365 -0.22594262
 -0.16542993 -0.14940369  0.33980034
  0.61054722  0.42437475  0.06302024
 -0.74651167  0.53080507 -0.00082912
  0.04980416  0.48517051  0.76425535
 -0.29991366  0.99295134  0.01458057
  0.04451464  0.56004455  0.77987439
 -0.94324236 -0.51485557  0.00003494
  0.42940494 -0.12791198  0.31041855
 -0.01770403 -0.62774758 -0.52884672
 -0.51482432 -0.86123160  0.00076526
  0.84076715 -0.43882331  0.00462029
  0.98448478  0.81023661  0.00004867
  0.32947074  0.21730758  0.21756847
  0.14718089 -0.52272843 -0.61202970
 -0.37985478 -0.12193390 -0.07835618
 -0.06122464  0.07585463  0.10239202
  0.75203959 -0.08276419  0.06552263
  0.30419691  0.99387100  0.01414949
 -0.83704985 -0.17945209 -0.01809658
  0.15860786  0.55692523  0.63713367
 -0.37014517 -0.35058274  0.14277622
 -0.63270591 -0.71875423  0.00405557
 -0.64843383 -0.52460198  0.00966201
 -0.49788106  0.41847551 -0.00227537
  0.07039610  0.60323495  0.70059493
 -0.13105425 -0.28456830  0.29711588
 -0.57621931  0.77851972  0.01384776
 -0.91071463 -0.35432684 -0.00207639
 -0.70638512  0.20384887 -0.07359295
  0.84816865 -0.18649781  0.01885203
  0.94104828 -0.16611121  0.00617420
  0.91323723 -0.09217603  0.01048911
 -0.84232251  0.44072941 -0.00393632
 -0.60470772  0.47376487 -0.00107785
  0.19785643 -0.74141729 -0.26363036
 -0.81806849  0.34403268 -0.01219899
 -0.13973165 -0.48798423 -0.25462947
 -0.20894040 -0.38104429  0.13845958
 -0.32488143  0.04047880 -0.18273196
 -0.54026110  0.99146352  0.00237646
 -0.87810892 -0.29245190 -0.00548474
 -0.43464327 -0.12983310 -0.13416005
 -0.29775234  0.65259560  0.27449463
  0.00379330 -0.31178333 -0.01243619
  0.78500228 -0.01872495  0.04986329
  0.93883188  0.42445674  0.00178373
  0.76333887  0.17394629  0.04685021
 -0.16854431  0.26596134  0.12793011
 -0.15327746 -0.40010596  0.01276839
  0.53477753  0.66216628  0.05119680
  0.63808332 -0.45209606  0.01397131
  0.61373025 -0.11226800  0.18122443
 -0.15311893  0.47484245  0.62196312
  0.94259572  0.42402273  0.00169590
 -0.02616576  0.72938046  0.41527573
 -0.57708866  0.42473218 -0.01782630
 -0.31233510 -0.69096585 -0.07258384
  0.40075109  0.84795601  0.03938772
  0.55688999  0.80012204  0.01621385
 -0.28875812 -0.92635008 -0.01391877
  0.71342750 -0.31988280  0.03892121
  0.47687153 -0.08496760  0.32367951
 -0.70315230  0.55389932  0.00214856
 -0.36858191 -0.78150661 -0.02277127
  0.96964622 -0.35788274  0.00173869
  0.97181023 -0.62662599  0.00010756
 -0.40025537  0.94309503  0.01418493
  0.78583296  0.32561433  0.02012692
  0.30759542 -0.29127826  0.01860697
  0.39218237  0.04236728  0.34382854
 -0.49585145 -0.29642945  0.01256398
 -0.63983872  0.37449022 -0.03815785
 -0.62372999  0.73842986  0.01040157
 -0.28996921  0.45289519  0.30378959
  0.68829285  0.72548129  0.00705806
  0.91111351  0.75128996  0.00027635
 -0.19285933 -0.54055666 -0.22111605
 -0.05611050 -0.09911676  0.25132186
 -0.04180616 -0.64614763 -0.47363849
 -0.23932549 -0.26566955  0.31770166
 -0.14748364 -0.52882385 -0.30490604
  0.25759675 -0.84304676 -0.09385271
  0.74296471 -0.43863728  0.01108015
 -0.00523083 -0.77357924 -0.25428253
  0.32783353  0.14412111  0.24216155
 -0.71393351 -0.84183652  0.00098741
  0.00824589  0.05762424  0.05610127
  0.50730439  0.48260467  0.11620975
 -0.64545815 -0.39900157  0.00284497
 -0.42110613  0.56969361  0.13853452
 -0.51774609  0.09524295 -0.27265726
 -0.56397699  0.32974696 -0.08176019
  0.54630485  0.90917121  0.00620880
  0.58344534 -0.29546804  0.10285726
  0.29363528 -0.87659766 -0.05705652
 -0.80490877  0.37360783 -0.01105404
  0.83452673 -0.19566742  0.02140025
 -0.64002116 -0.86502336  0.00130983
 -0.86006512  0.80838557  0.00023338
 -0.14739922 -0.16896380  0.36347393
  0.08249475  0.62724054  0.64217047
 -0.01554008 -0.20395189  0.22029603
 -0.31156348  0.79891105  0.10472612
 -0.45867739  0.41333045  0.01492202
 -0.07677000  0.21771713  0.11050351
  0.82557193  0.30500711  0.01442913
  0.31020718  0.90597002  0.03878904
  0.99010509  0.30322572  0.00169421
  0.40948345 -0.56276504 -0.15267051
 -0.61883945 -0.43079002  0.01082481
  0.29078509  0.22794229  0.18651754
  0.74372379 -0.44055068  0.01078194
 -0.53388493 -0.47784326  0.02947289
  0.14655816  0.87444175  0.10508364
  0.87769374 -0.68921250 -0.00002255
 -0.68386761 -0.52032614  0.00660808
  0.59823419  0.01754801  0.21830269
  0.95175315 -0.81105314 -0.00001025
 -0.34347237  0.99133705  0.01154875
 -0.01084497 -0.07528947  0.16863477
 -0.08550170  0.96866053  0.04172737
 -0.32186039  0.36079172  0.09060501
 -0.25788868  0.57515788  0.41820140
 -0.89526285 -0.77820606  0.00021832
  0.49394788 -0.35410274  0.06545872
 -0.02256085 -0.83347535 -0.15158685
 -0.19993092 -0.65402604 -0.22162318
 -0.35246742 -0.22573752  0.12299013
  0.54198765 -0.12551652  0.25031341
  0.38204924  0.98339464  0.01002962
 -0.78764691 -0.02536506 -0.04728644
  0.62301391 -0.85946412 -0.00367850
  0.25842028  0.76980637  0.17468291
  0.66949172 -0.29600343  0.06284988
 -0.67253180  0.07999959 -0.12695533
  0.51332669 -0.44266162 -0.00525461
  0.63008256  0.49447785  0.04216281
 -0.08380123  0.00046292  0.17504704
 -0.67452730  0.93632613  0.00103698
 -0.81494922  0.83208282  0.00040490
 -0.77996867  0.53254045 -0.00104633
 -0.02066082  0.89818785  0.09942602
 -0.15978454 -0.58657786 -0.31485564
  0.30989308  0.63421057  0.28830775
  0.68160313 -0.44862375  0.01374096
 -0.91802270 -0.10308420 -0.00945598
  0.94507850  0.43351597  0.00154466
 -0.01687669  0.08944334  0.06408587
 -0.42358234 -0.66830639 -0.01061662
  0.31335273  0.01305552  0.26457718
  0.90904188  0.26056582  0.00642430
  0.76717071  0.69598253  0.00329109
 -0.29449915  0.51436374  0.34654555
 -0.15138963  0.78186488  0.23555114
 -0.54861987  0.15103224 -0.22392678
 -0.72401042 -0.79902738  0.00126340
 -0.11792135  0.35998733  0.41065066
 -0.17947049 -0.35121454  0.18879129
  0.95234578  0.33760263  0.00243939
 -0.49548979  0.33613590 -0.08310059
 -0.59180166 -0.12312965 -0.14534296
  0.68976757 -0.98421925 -0.00038342
  0.18748997  0.87649415  0.09107013
 -0.42603969  0.66093152  0.10977791
 -0.72649431  0.58901865  0.00243311
 -0.67727390 -0.93153697  0.00060294
 -0.49001478  0.51765999  0.06144154
  0.83230061 -0.40058643  0.00707547
 -0.95872550  0.37144777 -0.00185848
  0.95117126 -0.49387279  0.00074054
 -0.24978647  0.51620351  0.44555537
 -0.22826467 -0.27834035  0.31960020
  0.58073389  0.51847868  0.06006836
 -0.86010948 -0.41612180 -0.00125740
  0.69343114 -0.95211628 -0.00053858
  0.50191675  0.29427474  0.17359448
  0.25573798 -0.58615487 -0.41122672
  0.54218880 -0.32891418  0.08988414
  0.98733461 -0.63682034  0.00007780
  0.12563683 -0.75141722 -0.29279712
  0.15118783  0.37524587  0.41470097
 -0.73081463  0.04141596 -0.08215007
  0.19532955 -0.71059521 -0.32110607
  0.83329657  0.24808360  0.01710270
  0.49712671  0.55451750  0.10708073
 -0.09809453 -0.87943677 -0.07970178
 -0.34302162 -0.94239070 -0.00607643
  0.12611125 -0.38415464 -0.37491768
 -0.10883611  0.02520959  0.15539993
  0.77365059 -0.77828961 -0.00072264
  0.40915821 -0.65590466 -0.12737346
 -0.44446352  0.43511623  0.04777314
 -0.67237562  0.38946546 -0.02716479
 -0.56447758  0.08714618 -0.23375926
  0.99568416 -0.45626895  0.00057304
  0.95102602  0.43532618  0.00140288
  0.52518778 -0.31728780  0.10329211
 -0.20026763  0.71735295  0.31251703
 -0.79396329 -0.16707812 -0.02957720
  0.57955715  0.04169562  0.23733714
 -0.69506061 -0.67552114  0.00358823
 -0.36282587 -0.31273362  0.15679892
 -0.18139073 -0.22958638  0.37008957
  0.03438476  0.86574557  0.13747895
 -0.93725007  0.08368617 -0.00833621
  0.01270601 -0.21430484  0.15893035
 -0.98146568  0.96054887  0.00000720
  0.79600800  0.45881526  0.00908036
 -0.16981161 -0.90913787 -0.04181062
  0.70475233  0.60579132  0.01214810
  0.03762700 -0.56934937 -0.63660027
  0.90206275 -0.72288844 -0.00002461
  0.28769173 -0.18758725  0.14460033
 -0.95016760  0.09501155 -0.00691187
 -0.42021764  0.88406705  0.02325907
  0.52028972 -0.95089107 -0.00447466
 -0.68456525  0.16211039 -0.09978585
  0.17255451  0.54809427  0.61725169
 -0.51841604  0.05024929 -0.27785928
  0.10790602 -0.32422602 -0.19395691
  0.77103285 -0.62383925 -0.00043047
  0.18056861 -0.72938939 -0.29980820
  0.45813471 -0.48424010 -0.07086700
  0.19725382 -0.90460110 -0.06376167
 -0.78592125 -0.61748297  0.00183838
  0.09465540  0.07827152 -0.00414883
 -0.01462583 -0.70237396 -0.39333688
 -0.35218101 -0.92174976 -0.00703999
 -0.86022750 -0.93049227  0.00009939
  0.12700873  0.06507346  0.00190542
  0.17349124 -0.50693467 -0.57156094
  0.50574808  0.54802838  0.10191455
  0.09091381  0.67749766  0.51671467
 -0.57869614 -0.14649003 -0.13383821
 -0.75850675  0.38339406 -0.01555776
  0.77973199 -0.69191799 -0.00077066
 -0.11202853  0.98145282  0.03395499
  0.11836424  0.04558343  0.00232986
  0.55797837  0.77233707  0.02012038
 -0.78297704  0.27181891 -0.02733075
 -0.33228456 -0.56557107 -0.03834965
 -0.99490530 -0.98678749  0.00000835
  0.03450050 -0.29893200 -0.03383514
 -0.48227714  0.65485163  0.06838207
 -0.45315789  0.53679321  0.09927103
 -0.81673104  0.41021059 -0.00702576
  0.71169274 -0.16985770  0.07810675
  0.97024817  0.13384166  0.00432034
 -0.20917773  0.36755559  0.29947270
 -0.60166748 -0.63576131  0.00827200
  0.62346455  0.38937138  0.06454608
 -0.83638762  0.32596538 -0.01138249
  0.02159234 -0.66328189 -0.49486357
 -0.89608365 -0.20452940 -0.00823452
 -0.85529988  0.16953434 -0.01912284
 -0.83401213  0.38363402 -0.00753843
 -0.78233031 -0.84220675  0.00052530
  0.89200368 -0.02934458  0.01463293
 -0.94309927  0.25027514 -0.00474908
 -0.50746903 -0.23134752 -0.05043211
 -0.40317671 -0.71315274 -0.01811763
 -0.73795896 -0.86542233  0.00066548
  0.60504006 -0.08759884  0.19862679
  0.20235031 -0.33313149 -0.19684294
 -0.56844151  0.12354800 -0.21872412
  0.75088618 -0.08009200  0.06647153
  0.65655581  0.22560720  0.09690580
  0.41342851 -0.75488870 -0.07292097
 -0.40080255  0.36478165 -0.00030151
  0.50563162  0.09135384  0.29778517
  0.44496335 -0.07414843  0.34113798
 -0.91254661 -0.89904758  0.00006696
  0.32400934  0.72716545  0.16709437
 -0.01710729 -0.14646022  0.22521013
  0.58461020 -0.21867733  0.15468732
 -0.04823133 -0.66726630 -0.43113063
  0.11362560 -0.89864028 -0.08191786
  0.36263602  0.88424500  0.03563279
  0.32464784 -0.76952492 -0.12169926
 -0.69085212 -0.41273580  0.00066015
  0.85355739  0.61608805  0.00176536
  0.15043388  0.12718918  0.01429025
  0.10584936  0.87967126  0.10931749
  0.31699667 -0.35371823 -0.08865093
 -0.92756643  0.94420823  0.00002247
 -0.07200803  0.18208365  0.08328406
  0.44127890 -0.97657687 -0.00680542
  0.66054676  0.25485338  0.08422976
  0.99368652 -0.88882276 -0.00000217
 -0.35547369  0.97015972  0.01395604
  0.55805798  0.44163298  0.08849034
  0.47205030 -0.78528174 -0.03551884
  0.75068497  0.73520967  0.00305590
 -0.87733760  0.55057374 -0.00049516
 -0.79824855  0.54239041 -0.00074898
  0.56184703 -0.93350110 -0.00352304
 -0.19317349 -0.60822829 -0.24976678
  0.19335531  0.31234977  0.23770521
  0.00120983 -0.48914625 -0.55207151
 -0.53866599 -0.50186123  0.02585032
 -0.14717498 -0.40236807 -0.00500150
 -0.84222977 -0.60258639  0.00091100
 -0.64700362 -0.83641627  0.00158969
  0.28097240 -0.54546091 -0.37932736
  0.89780951 -0.70331502 -0.00001060
 -0.19869870 -0.18087310  0.34057264
  0.18925909 -0.15349299  0.05662185
  0.80668614 -0.98209292 -0.00006204
  0.35152069  0.87732935  0.04104074
  0.27140974  0.14793634  0.16645833
  0.01932370 -0.23320474  0.12641280
  0.73716173  0.22862394  0.04961611
  0.40213383  0.91001028  0.02071333
 -0.54330160  0.45527287  0.00520831
 -0.60191072 -0.11700092 -0.14356541
 -0.32201965  0.33799093  0.04711288
  0.96476765  0.33947894  0.00202376
 -0.71944087 -0.07842698 -0.07876732
 -0.95452555 -0.27028593 -0.00265908
 -0.33385998  0.85428747  0.05647773
 -0.36359141  0.26913544 -0.11878170
  0.45994545 -0.57978503 -0.09439575
 -0.23172041 -0.76542600 -0.10367431
 -0.74191956  0.36771992 -0.02062616
  0.42252580 -0.19086384  0.25218738
 -0.98709214 -0.30550067 -0.00132698
  0.14788847  0.06490314  0.01341849
 -0.54358658  0.96040359  0.00337372
 -0.52026241 -0.06692426 -0.22584857
  0.26718962  0.98927781  0.01813597
  0.67755737 -0.00077356  0.13020263
 -0.60445242 -0.92068906  0.00094607
  0.15239104 -0.53324231 -0.60771720
 -0.13591141 -0.84155086 -0.09890855
  0.76720020 -0.06052531  0.05811237
  0.08144557 -0.76813538 -0.27319629
  0.62531745 -0.05461806  0.18294453
  0.25303572  0.14666836  0.13988427
  0.07674602  0.22317017  0.06668305
 -0.68351844  0.58102603  0.00512701
 -0.70819975  0.23856152 -0.06287889
 -0.35351053  0.39038845  0.09601507
  0.22324991 -0.28276467 -0.06540299
 -0.68755782 -0.48465733  0.00573282
 -0.06272175 -0.53537388 -0.49792132
 -0.88842963  0.04783806 -0.01596055
  0.83959803 -0.08870758  0.02603534
 -0.06134004 -0.22051122  0.29151538
  0.96889258 -0.88040500 -0.00000512
  0.57410231 -0.23584684  0.15056087
  0.21423288  0.09955459  0.08694510
  0.07211298 -0.37932633 -0.33705460
  0.78111506 -0.61350859 -0.00011386
 -0.59414937  0.46820402 -0.00128147
 -0.68605598  0.55795581  0.00361517
 -0.93628209 -0.15576599 -0.00629951
 -0.69160979  0.01534788 -0.11240812
 -0.64946767 -0.19682447 -0.07221025
  0.87241687 -0.41725765  0.00394874
 -0.71212272  0.82661320  0.00185886
  0.84899724 -0.64661313  0.00004705
 -0.92413639 -0.23162495 -0.00502834
  0.52205336  0.01816721  0.30537914
 -0.00279210  0.31923185  0.32423506
 -0.68682912  0.41538523 -0.01819515
  0.13241554  0.66888859  0.49519525
  0.58778265 -0.94972124 -0.00217503
 -0.10512416 -0.40738430 -0.10524767
 -0.91522220  0.61392483 -0.00003388
  0.35712450 -0.05606620  0.31300583
 -0.55605134 -0.40078814  0.02238344
  0.07393773 -0.49178585 -0.62123292
 -0.49401383  0.50420828  0.05365303
 -0.48186415 -0.97650485  0.00029136
 -0.08314088 -0.55191569 -0.46680845
  0.71402897  0.28574098  0.04822304
 -0.72412135  0.57999690  0.00225622
  0.13891530 -0.75558231 -0.27804464
  0.16279996 -0.43207071 -0.47840900
  0.85925648 -0.25773150  0.01260949
 -0.93780143  0.81953945  0.00005602
 -0.66733529 -0.15938583 -0.08287273
 -0.29734246  0.01878791 -0.11310632
 -0.94278537 -0.55755480  0.00014779
  0.37478796  0.37158576  0.23779334
  0.01696692 -0.95382266 -0.04476548
  0.42001935 -0.80477995 -0.04769726
 -0.55688166  0.06783444 -0.24435323
  0.23875022 -0.13332127  0.11775474
  0.08428857  0.81993312  0.19896739
 -0.85199361 -0.64261372  0.00074645
  0.55307276  0.27150995  0.15112486
 -0.71578740  0.25213276 -0.05543779
 -0.81285438  0.55047820 -0.00056292
  0.58274412 -0.44275988  0.01401667
  0.14876553  0.85320068  0.12853789
 -0.31761055  0.13750321 -0.19073686
  0.48945960  0.62849239  0.08835004
  0.81071528  0.76779453  0.00105444
  0.58800337  0.92923471  0.00325722
  0.92538656 -0.42027555  0.00201687
  0.76544813 -0.72007863 -0.00103389
  0.57180332 -0.87471143 -0.00587215
 -0.99959306 -0.38789152 -0.00049254
 -0.52930031 -0.07137116 -0.21841996
 -0.45988572 -0.87204005 -0.00128448
  0.66136663  0.78711674  0.00597454
 -0.82574954  0.54876371 -0.00061884
  0.60865892  0.89111798  0.00399271
 -0.66080608  0.81919030  0.00381942
  0.78384029  0.41472215  0.01310467
 -0.09739013 -0.99868523 -0.01944999
 -0.90465147 -0.57323875  0.00033424
 -0.04812202 -0.90402355 -0.07132214
  0.39348238  0.60666280  0.19329498
 -0.06169447 -0.20409639  0.30173745
  0.19244929  0.21953310  0.09394334
 -0.71743553  0.53586657  0.00024471
  0.58388580 -0.92383922 -0.00305874
  0.50470910 -0.22975514  0.19646776
 -0.16390691 -0.26933449  0.34264478
 -0.36326047 -0.10068497 -0.08500920
 -0.98298825 -0.20839195 -0.00267017
  0.02838456  0.65167528  0.61987804
 -0.50326922 -0.98401111  0.00045754
 -0.44201619 -0.90174243 -0.00154623
 -0.85734898 -0.81964522  0.00026633
  0.23822045  0.35555416  0.30793354
 -0.38879384  0.84496712  0.04286902
 -0.97787669 -0.64792717  0.00011119
  0.60197720  0.70445496  0.02100386
  0.62522436  0.65659244  0.02197144
  0.96466583 -0.37826261  0.00162854
 -0.54070385 -0.01712096 -0.24535835
  0.41106263 -0.15047349  0.28944396
 -0.71535538  0.06437511 -0.09252992
  0.83529829 -0.78312780 -0.00021676
 -0.54522210  0.82379582  0.01346337
 -0.94599450  0.39693064 -0.00179512
 -0.65769942  0.16840287 -0.11895319
  0.72824541  0.66439073  0.00659600
 -0.24756534  0.24225281 -0.01161661
 -0.40808995 -0.03776196 -0.23094721
  0.03482011 -0.68113755 -0.46187195
 -0.02585145  0.68380903  0.53707844
  0.32735031 -0.20922324  0.16753122
 -0.72944236 -0.20077957 -0.04258405
 -0.57771406 -0.36550036  0.00822027
  0.66619135  0.08463413  0.13212234
 -0.68062772 -0.73370774  0.00278178
  0.51005692  0.27073963  0.18081082
  0.39827362  0.94588920  0.01416320
 -0.17305130 -0.53034010 -0.25082395
 -0.67850315 -0.72626095  0.00296676
 -0.74472564  0.20813626 -0.05221735
  0.93040805 -0.64578436  0.00010614
 -0.88573117  0.39816799 -0.00374040
 -0.77072160 -0.47127771  0.00107901
 -0.97018985 -0.83169229  0.00005100
 -0.23160177  0.76993489  0.19479001
  0.86649818 -0.62826730  0.00018327
  0.00517608 -0.73222900 -0.34097655
 -0.32122812  0.16652143 -0.18428277
 -0.57507427 -0.27317903 -0.03449284
  0.61895004 -0.92548899 -0.00197143
  0.94951013  0.64691080  0.00034676
 -0.39703085  0.15051266 -0.26663961
 -0.01831360 -0.19428459  0.22992061
 -0.99537804 -0.35052061 -0.00078826
 -0.27805928  0.41643471  0.27172158
  0.88294983 -0.50021077  0.00155520
  0.16553416  0.52371046  0.63506985
  0.93120498  0.48250182  0.00138633
 -0.99027889 -0.44749510 -0.00022157
 -0.76329860 -0.73486862  0.00136554
 -0.23767752  0.44199016  0.39918469
  0.14903827  0.82872666  0.16084464
  0.33646644 -0.12811517  0.25430334
  0.97645952 -0.53344182  0.00034971
 -0.54663336 -0.16248289 -0.12837194
 -0.60784172 -0.72371140  0.00426889
 -0.48533729 -0.42648294  0.05026911
 -0.17596941 -0.59000617 -0.28268910
 -0.32094964  0.00684974 -0.14876354
  0.84151159  0.84929400  0.00031811
 -0.14176849 -0.18066762  0.37046491
  0.99187450  0.92544098  0.00001223
  0.63947692  0.31727702  0.07613620
 -0.97018751 -0.22957090 -0.00282414
 -0.20911147 -0.82849847 -0.07404155
  0.99326932 -0.19598754  0.00267997
 -0.14322220  0.81208612  0.18864441
  0.93724360  0.45724422  0.00149061
  0.02896182  0.01155239  0.05831647
  0.70674595 -0.17726897  0.07961572
  0.14293025 -0.49452970 -0.59859741
 -0.90185322 -0.22225407 -0.00695770
  0.22784637  0.72999192  0.26179156
  0.11102824 -0.50726998 -0.63305285
  0.26194909  0.00452035  0.17820066
 -0.73107490 -0.56948097  0.00380181
 -0.61856205  0.11889155 -0.17088216
  0.51591199  0.32460305  0.15102318
  0.42155840  0.09033429  0.33314605
  0.12044424 -0.34890157 -0.27059782
  0.93269754 -0.77315693 -0.00001628
  0.33966101  0.76368173  0.11898522
  0.47545419  0.87617588  0.01672394
 -0.06771277 -0.44275926 -0.30324448
 -0.04305950  0.77119122  0.30875573
  0.48990317 -0.32056071  0.10172295
 -0.87351732  0.27517276 -0.01007537
  0.87406079  0.54161090  0.00212475
  0.79558260  0.41348503  0.01158415
 -0.79194390 -0.34384334 -0.00686397
  0.13001729 -0.54921006 -0.62900198
  0.09663549 -0.65282904 -0.51716970
  0.39620473  0.61319111  0.18581172
 -0.69897880  0.37966070 -0.02553312
  0.38833634 -0.15590827  0.27551333
 -0.40165453 -0.70857763 -0.01883374
 -0.05636887 -0.39638301 -0.17460727
  0.26117923 -0.89083090 -0.05776033
 -0.97078689  0.82315743  0.00002960
 -0.38318107 -0.10708289 -0.10712738
 -0.21651855 -0.52247991 -0.15443054
  0.82354614  0.41837007  0.00819181
 -0.73846601  0.48010079 -0.00482371
  0.68533276 -0.98111337 -0.00042447
  0.78367564  0.34730709  0.01850185
  0.76096376  0.11773276  0.05552752
  0.50542413 -0.60650759 -0.05727823
  0.91272341 -0.95707552 -0.00001037
 -0.82802837  0.12601917 -0.02890757
 -0.94375819  0.17514494 -0.00627494
  0.74454990  0.79983218  0.00194151
  0.19989261  0.81541340  0.15414031
  0.47753061  0.37745151  0.16093608
  0.51050971  0.57893478  0.08955446
  0.62457562  0.30988417  0.08698563
  0.10764445  0.02443323  0.00569831
  0.05825232 -0.99790518 -0.02617109
 -0.36503156 -0.24247199  0.11856457
  0.76490682  0.92673001  0.00040365
 -0.48848895  0.81225059  0.02551426
 -0.25537908 -0.20081229  0.27691883
  0.79550706  0.87526129  0.00046970
  0.82907464 -0.63508268  0.00004426
 -0.70828743  0.71843443  0.00383657
 -0.12929782  0.94834872  0.04895330
  0.68187365 -0.21153573  0.08630030
 -0.49355367 -0.10435894 -0.19432838
 -0.18747721  0.79005457  0.19778805
 -0.49178355 -0.49952851  0.03404089
  0.39889416 -0.03824647  0.34850006
 -0.78974016 -0.03587239 -0.04571389
  0.70727895 -0.08129840  0.09769535
  0.93227055 -0.49690023  0.00091123
  0.93058988  0.02557501  0.00881234
  0.79385229  0.55133005  0.00567286
  0.65298974 -0.15105144  0.12910129
  0.32783909  0.62280183  0.27245403
  0.61955229 -0.97506862 -0.00109257
 -0.79827578  0.72652110  0.00096292
 -0.89731271 -0.98161094  0.00003667
 -0.63668323 -0.85705949  0.00141563
  0.41730943 -0.62650952 -0.13074585
  0.60572662  0.02467512  0.20865181
  0.49339441  0.09937398  0.30309200
 -0.98248548 -0.40107791 -0.00051205
 -0.75139507  0.24512656 -0.04207563
  0.20847459  0.36637203  0.34790200
 -0.87559149  0.85051831  0.00013228
  0.28533514  0.58537429  0.37743461
  0.10841898 -0.24076487 -0.01099098
  0.69796263  0.93737252  0.00084679
 -0.84406388  0.33930328 -0.00955246
 -0.13577839  0.24207594  0.11964871
  0.17256358 -0.71187878 -0.34023718
  0.46244918 -0.24218829  0.19454382
 -0.34966124 -0.96391752 -0.00409635
  0.19821387 -0.33086906 -0.19501961
 -0.50876014  0.71518917  0.04092243
  0.46271178 -0.23938294  0.19779358
